1019 [0,1,1,-1961,32779]
1019 [0,1,1,-6,4]
1051 [0,1,1,-5,3]
1091 [1,0,0,-4,-3]
1171 [0,-1,1,-4,5]
1187 [0,0,1,2,1]
1187 [0,1,1,-22,33]
1259 [0,0,1,-1,-2]
1259 [0,1,1,3,1]
1259 [1,-1,1,-3,-2]
1297 [1,1,0,1,2]
1373 [1,0,0,-18,-31]
1439 [1,1,0,2,-1]
1483 [0,1,1,2,2]
1531 [0,0,1,-14,20]
1549 [1,-1,1,-1,-2]
1613 [0,1,1,-3,0]
1613 [0,-1,1,-92,-311]
1747 [0,0,1,-5,-5]
1811 [0,-1,1,3,0]
1867 [0,-1,1,-2,-2]
1873 [1,-1,1,-1,2]
1907 [0,-1,1,-2,3]
1907 [1,-1,1,-46,130]
1933 [1,0,0,1,-2]
1949 [0,1,1,-7,-10]
1973 [0,1,1,-8,-12]
1979 [0,0,1,-4,-4]
1987 [0,-1,1,-3,4]
2017 [1,1,0,-10,9]
2027 [0,-1,1,-8,12]
2089 [1,0,1,-20,-35]
2089 [1,-1,1,-39,102]
2141 [1,-1,0,-1,-2]
2143 [1,-1,0,-16,29]
2221 [0,-1,1,-11,18]
2237 [1,1,0,1,-2]
2251 [0,0,1,1,2]
2269 [0,0,1,-7,-7]
2341 [0,1,1,-6,-8]
2351 [1,0,1,-5,-5]
2357 [0,-1,1,-3,1]
2393 [1,-1,0,-7,-6]
2539 [0,0,1,-11,14]
2677 [1,1,1,-4,0]
2699 [0,0,1,2,2]
2699 [0,0,1,-88,-318]
2699 [0,-1,1,1,-3]
2797 [0,1,1,-9,-14]
2837 [0,1,1,-4,-4]
2843 [1,-1,1,3,0]
2917 [1,-1,0,-4,-1]
2939 [0,1,1,-4,-6]
2953 [1,0,0,-9,10]
3109 [0,-1,1,-7,-5]
3181 [0,1,1,-49,-150]
3203 [0,0,1,-1,-3]
3229 [1,1,1,-9,-14]
3251 [0,-1,1,-37,100]
3259 [0,-1,1,3,1]
3259 [0,-1,1,4,-2]
3259 [0,-1,1,-54,172]
3331 [0,0,1,1,-3]
3347 [0,1,1,2,3]
3371 [0,-1,1,-25,-41]
3371 [1,0,1,0,-3]
3391 [1,0,0,-4,1]
3467 [0,1,1,-3,-5]
3547 [0,0,1,-35,-80]
3547 [0,1,1,3,3]
3623 [1,1,0,-5,-8]
3779 [0,0,1,2,-3]
3797 [0,0,1,-71,230]
3803 [1,0,1,-581,5335]
3851 [0,-1,1,-92,372]
3853 [0,0,1,-4,-1]
3877 [1,0,0,3,-2]
3907 [0,0,1,-5,5]
3931 [0,1,1,1,-3]
3947 [0,-1,1,-3,-3]
3967 [1,0,0,2,3]
4013 [0,1,1,-6,3]
4021 [0,1,1,-4,0]
4051 [0,0,1,-2,3]
4139 [0,-1,1,4,0]
4159 [1,1,0,-11,10]
4229 [1,-1,1,-2091,-36272]
4283 [1,-1,0,-5,-2]
4339 [0,0,1,4,-1]
4357 [0,0,1,-10,-12]
4451 [0,-1,1,-2,-3]
4457 [1,0,1,0,3]
4481 [1,0,1,-197,-1077]
4507 [0,-1,1,-2,4]
4547 [0,-1,1,-43,124]
4603 [0,-1,1,2,-4]
4733 [0,0,1,-5,-3]
4799 [1,0,0,4,-1]
4799 [1,1,1,-19,24]
5021 [0,1,1,-4,-1]
5077 [0,0,1,-7,6]
5171 [0,1,1,-17,22]
5197 [0,-1,1,-4,1]
5237 [0,0,1,-20,34]
5309 [0,0,1,-17,-27]
5417 [1,0,0,-13012,570217]
5419 [0,0,1,4,-2]
5443 [0,-1,1,-28,-49]
5503 [1,0,0,-2893,-60134]
5563 [0,0,1,-2,-4]
5651 [0,0,1,-4,-5]
5653 [1,-1,1,-10,-10]
5741 [1,-1,0,-5,4]
5813 [0,0,1,-5,2]
5987 [0,1,1,3,4]
5987 [0,-1,1,-6,9]
5987 [1,1,0,-5,4]
6011 [0,0,1,-1,-4]
6011 [0,0,1,-172,868]
6043 [1,0,0,-3,4]
6067 [0,1,1,-2,3]
6131 [0,1,1,-2,-5]
6211 [1,-1,0,1,-4]
6373 [0,-1,1,-17,33]
6427 [1,1,0,-7,-10]
6689 [1,0,1,3,-3]
6899 [0,1,1,1,4]
7019 [0,1,1,4,4]
7283 [0,1,1,5,0]
7691 [0,1,1,5,3]
8167 [1,0,1,-14,-21]
8243 [0,0,1,5,-1]
8419 [0,-1,1,4,-5]
8539 [0,-1,1,-7,11]
8731 [0,-1,1,1,-5]
8803 [0,-1,1,1,4]
8861 [0,-1,1,-7,-4]
9151 [1,0,1,-20,31]
9161 [1,0,0,-17,26]
9323 [0,0,1,5,-2]
9467 [1,0,0,-19,30]
9491 [1,0,0,3,-4]
9941 [0,-1,1,-6,-2]
9967 [1,0,1,4,-3]
10091 [1,0,0,-74,239]
10259 [0,0,1,2,-5]
10427 [0,-1,1,2,4]
10691 [1,-1,0,-4,7]
10733 [1,0,1,-6,-1]
10799 [1,0,1,5,1]
10949 [1,0,1,-13,15]
10987 [0,-1,1,-7,-7]
11059 [0,-1,1,-14,-17]
11321 [1,0,0,-26,-53]
11731 [1,0,1,0,5]
11867 [0,-1,1,4,-6]
12097 [1,-1,1,5,-4]
12197 [1,0,0,-24,43]
12211 [0,-1,1,-2,-5]
12227 [1,1,0,-365,-2842]
12547 [1,-1,0,-2,-5]
12619 [0,-1,1,-6,10]
13043 [0,-1,1,1,-6]
13093 [1,0,0,-8,-11]
13099 [1,0,1,-70,217]
13451 [1,0,0,5,4]
13691 [0,-1,1,6,0]
13789 [1,0,0,6,1]
14107 [0,-1,1,-3,7]
14891 [1,0,0,-122,-529]
15091 [0,-1,1,6,-5]
15131 [0,1,1,3,-5]
15349 [1,1,0,-6,-5]
15643 [1,-1,0,-25,-42]
15773 [1,0,0,-23,-44]
15803 [0,0,1,5,4]
16189 [1,0,0,-37,-90]
16267 [0,-1,1,4,4]
16741 [1,-1,0,1,6]
16889 [1,0,1,-89,313]
16987 [1,0,1,-62,-191]
17333 [0,-1,1,-196,1124]
17443 [1,-1,0,-8,-9]
17483 [0,1,1,6,-2]
17491 [0,-1,1,-2,7]
17573 [0,-1,1,-42,-92]
17681 [1,0,1,-17,25]
17827 [0,-1,1,-17,34]
17837 [0,-1,1,-48,145]
18341 [1,-1,0,-28,65]
18379 [0,0,1,4,-6]
18859 [0,-1,1,-22,-34]
18899 [1,-1,0,5,4]
19403 [0,1,1,7,1]
19469 [1,0,0,-82,279]
19583 [1,1,1,2,-6]
19927 [1,0,1,0,-7]
20269 [1,-1,0,7,-2]
20323 [0,-1,1,-1390,20417]
20749 [1,0,0,-22,-41]
20789 [0,-1,1,-47159,3957565]
21283 [1,0,0,-7,-2]
21347 [1,-1,0,-7,12]
21397 [1,0,0,-16,-27]
21517 [1,1,0,-19,-42]
21683 [0,-1,1,7,0]
21737 [1,0,0,-23,40]
21751 [1,0,1,-664,6523]
22283 [0,0,1,5,-6]
22433 [1,0,0,6,5]
22481 [1,-1,1,6,2]
22483 [1,-1,0,7,-4]
